    0.00   10.77    7.42    9.30   15.90   10.61    7.95    7.53    5.51    3.21   10.61   23.43   13.35    8.56    5.73
   10.77    0.00   20.60    5.01    7.14    8.57   13.16    4.69    5.05    2.67   47.43   16.67    7.68    7.99    4.38
    7.42   20.60    0.00    4.20    5.34    6.10    9.15    3.83    4.14    2.36   24.66    9.30    5.60    5.88    3.61
    9.30    5.01    4.20    0.00   10.48    5.99    4.42   10.09    4.34    3.60    5.05    6.76    7.80    5.24    5.58
   15.90    7.14    5.34   10.48    0.00   13.87    7.11   13.58    7.14    4.02    6.76   12.50   30.46   10.47    8.77
   10.61    8.57    6.10    5.99   13.87    0.00   12.33    7.98   11.18    3.84    7.50   13.87   24.91   41.21    8.77
    7.95   13.16    9.15    4.42    7.11   12.33    0.00    4.89    7.28    2.98   10.30   11.97    8.69   13.51    5.24
    7.53    4.69    3.83   10.09   13.58    7.98    4.89    0.00    6.57    5.37    4.51    6.52   11.14    7.02   11.99
    5.51    5.05    4.14    4.34    7.14   11.18    7.28    6.57    0.00    4.76    4.61    6.20    9.02   13.62   11.62
    3.21    2.67    2.36    3.60    4.02    3.84    2.98    5.37    4.76    0.00    2.58    3.13    4.06    3.82    6.82
   10.61   47.43   24.66    5.05    6.76    7.50   10.30    4.51    4.61    2.58    0.00   14.37    7.02    6.95    4.12
   23.43   16.67    9.30    6.76   12.50   13.87   11.97    6.52    6.20    3.13   14.37    0.00   13.68   11.14    5.72
   13.35    7.68    5.60    7.80   30.46   24.91    8.69   11.14    9.02    4.06    7.02   13.68    0.00   15.90    9.74
    8.56    7.99    5.88    5.24   10.47   41.21   13.51    7.02   13.62    3.82    6.95   11.14   15.90    0.00    8.56
    5.73    4.38    3.61    5.58    8.77    8.77    5.24   11.99   11.62    6.82    4.12    5.72    9.74    8.56    0.00
